3001c
000000100000000000000000000000
000000000000000000000000000000
000000000000000000000000000100
000000000000000000000000000000
000001000000000000000000000000
010000000000001001000000001000
000000000000000010000000000000
000000000000001000000000000001
000000000010000000100000000000
000000010000000010001000000000
000000000000010000000000000000
000000000000000000000001000000
000000000000000000000000000000
000000000000000010000000000000
010000000000001000000000000000
000000000000000000000000000001
000001000000000000000000000000
000000000000000000010000000000
000000000000000010000000000001
000000000000000000000000000010
000000000000000000000000000000
000000000000000000000000000000
000010000000100000000000000000
000010000001000000000100000000
000000100000000000000000101000
000000000000000000000000000000
000000010010000000000000000000
000000000000000000000000000100
000000010000000001000000000000
000000000000000001000100000000
000000000000000000000000000000
